[H[2J[3Jy.shape = torch.Size([1, 1, 134, 1])
[[0.24512477]
 [0.24512477]
 [0.24512477]
 [0.24512477]
 [0.24512477]
 [0.24512477]
 [0.24512477]
 [0.24512477]
 [0.24512477]
 [0.24512477]
 [0.24512477]
 [0.24512477]
 [0.24512477]
 [0.24512477]
 [0.24512477]
 [0.24512477]
 [0.24512477]
 [0.24512477]
 [0.24512477]
 [0.24512477]
 [0.24512477]
 [0.24512477]
 [0.24512477]
 [0.24512477]
 [0.24512477]
 [0.24512477]
 [0.24512477]
 [0.24512477]
 [0.24512477]
 [0.24512477]
 [0.24512477]
 [0.24512477]
 [0.24512477]
 [0.24512477]
 [0.24512477]
 [0.24512477]
 [0.24512477]
 [0.24512477]
 [0.24512477]
 [0.24512477]
 [0.24633595]
 [0.24790147]
 [0.2497726 ]
 [0.2725673 ]
 [0.29687744]
 [0.3294142 ]
 [0.34283847]
 [0.3554716 ]
 [0.40982017]
 [0.43134743]
 [0.4770803 ]
 [0.48935288]
 [0.49633938]
 [0.51330453]
 [0.6269587 ]
 [0.6297737 ]
 [0.6297737 ]
 [0.6297737 ]
 [0.6297737 ]
 [0.6297737 ]
 [0.6297737 ]
 [0.6297737 ]
 [0.6297737 ]
 [0.6297737 ]
 [0.6297736 ]
 [0.62856233]
 [0.6269969 ]
 [0.62512577]
 [0.602331  ]
 [0.57802093]
 [0.5454842 ]
 [0.5320598 ]
 [0.5194268 ]
 [0.4650783 ]
 [0.44355106]
 [0.39781815]
 [0.38554555]
 [0.37855908]
 [0.36159396]
 [0.2479398 ]
 [0.2464544 ]
 [0.24815133]
 [0.25046757]
 [0.25437   ]
 [0.3112675 ]
 [0.39284474]
 [0.4735222 ]
 [0.55401695]
 [0.63661695]
 [0.71877104]
 [0.80189914]
 [0.88596094]
 [0.96919096]
 [1.0529191 ]
 [1.1875241 ]
 [1.3624347 ]
 [1.5866282 ]
 [1.8507164 ]
 [2.1112094 ]
 [2.3761067 ]
 [2.640189  ]
 [2.9046528 ]
 [3.16769   ]
 [3.4303946 ]
 [3.69324   ]
 [3.9593453 ]
 [4.219239  ]
 [4.482099  ]
 [4.7403846 ]
 [4.9521165 ]
 [5.2934313 ]
 [5.6214995 ]
 [5.9074087 ]
 [6.160157  ]
 [6.285518  ]
 [6.289074  ]
 [6.2878647 ]
 [6.2866516 ]
 [6.287776  ]
 [6.2348385 ]
 [6.1481133 ]
 [6.005401  ]
 [5.829398  ]
 [5.650345  ]
 [6.8902597 ]
 [6.7071114 ]
 [6.5240235 ]
 [6.342455  ]
 [6.336095  ]
 [6.2493744 ]
 [6.1023655 ]
 [5.880861  ]
 [5.624282  ]
 [5.3689833 ]]
