[H[2J[3J############
Original rgb tensor-image >>>
tensor([[[255, 255, 255,  ..., 255, 255, 255],
         [255, 255, 255,  ..., 255, 255, 255],
         [255, 255, 255,  ..., 255, 255, 255],
         ...,
         [255, 255, 255,  ..., 255, 255, 255],
         [255, 255, 255,  ..., 250, 255, 255],
         [255, 255, 255,  ..., 255, 255, 255]],

        [[255, 255, 255,  ..., 255, 255, 255],
         [255, 255, 255,  ..., 255, 255, 255],
         [255, 255, 255,  ..., 255, 255, 255],
         ...,
         [255, 255, 255,  ..., 255, 255, 255],
         [255, 255, 255,  ..., 250, 255, 255],
         [255, 255, 255,  ..., 255, 255, 255]],

        [[255, 255, 255,  ..., 255, 255, 255],
         [255, 255, 255,  ..., 255, 255, 255],
         [255, 255, 255,  ..., 255, 255, 255],
         ...,
         [255, 255, 255,  ..., 255, 255, 255],
         [255, 255, 255,  ..., 250, 255, 255],
         [255, 255, 255,  ..., 255, 255, 255]]], dtype=torch.uint8)
torch.Size([3, 168, 82])
############
Tensor-image in grayscale >>>
tensor([[[254, 254, 254,  ..., 254, 254, 254],
         [254, 254, 254,  ..., 254, 254, 254],
         [254, 254, 254,  ..., 254, 254, 254],
         ...,
         [254, 254, 254,  ..., 254, 254, 254],
         [254, 254, 254,  ..., 249, 254, 254],
         [254, 254, 254,  ..., 254, 254, 254]]], dtype=torch.uint8)
torch.Size([1, 168, 82])
############
Tensor-image invert >>>
tensor([[[1, 1, 1,  ..., 1, 1, 1],
         [1, 1, 1,  ..., 1, 1, 1],
         [1, 1, 1,  ..., 1, 1, 1],
         ...,
         [1, 1, 1,  ..., 1, 1, 1],
         [1, 1, 1,  ..., 6, 1, 1],
         [1, 1, 1,  ..., 1, 1, 1]]], dtype=torch.uint8)
torch.Size([1, 168, 82])
############
Tensor-image float >>>
tensor([[[1., 1., 1.,  ..., 1., 1., 1.],
         [1., 1., 1.,  ..., 1., 1., 1.],
         [1., 1., 1.,  ..., 1., 1., 1.],
         ...,
         [1., 1., 1.,  ..., 1., 1., 1.],
         [1., 1., 1.,  ..., 6., 1., 1.],
         [1., 1., 1.,  ..., 1., 1., 1.]]])
torch.Size([1, 168, 82])
############
Tensor-image normalize >>>
tensor([[[0.0058, 0.0058, 0.0058,  ..., 0.0041, 0.0041, 0.0041],
         [0.0058, 0.0058, 0.0058,  ..., 0.0041, 0.0041, 0.0041],
         [0.0058, 0.0058, 0.0058,  ..., 0.0041, 0.0041, 0.0041],
         ...,
         [0.0058, 0.0058, 0.0058,  ..., 0.0041, 0.0041, 0.0041],
         [0.0058, 0.0058, 0.0058,  ..., 0.0246, 0.0041, 0.0041],
         [0.0058, 0.0058, 0.0058,  ..., 0.0041, 0.0041, 0.0041]]])
torch.Size([1, 168, 82])
############
 Tensor-image unsqueeze >>>
tensor([[[[0.0058, 0.0058, 0.0058,  ..., 0.0041, 0.0041, 0.0041],
          [0.0058, 0.0058, 0.0058,  ..., 0.0041, 0.0041, 0.0041],
          [0.0058, 0.0058, 0.0058,  ..., 0.0041, 0.0041, 0.0041],
          ...,
          [0.0058, 0.0058, 0.0058,  ..., 0.0041, 0.0041, 0.0041],
          [0.0058, 0.0058, 0.0058,  ..., 0.0246, 0.0041, 0.0041],
          [0.0058, 0.0058, 0.0058,  ..., 0.0041, 0.0041, 0.0041]]]])
torch.Size([1, 1, 168, 82])
