y2d[0]>>>
[0.3699323  0.37043935 0.36996108 0.37043208 0.3700041  0.3701363
 0.41246945 0.40918753 0.30462235 0.29913133 0.19371144 0.18763024
 0.08216021 0.10541247 0.10040178 0.12984243 0.08880568 0.11883774
 0.07775576 0.08156938 0.04468236 0.04439479 0.04464353 0.08640292
 0.08704858 0.129428   0.09712858 0.13959461 0.10864847 0.11028541
 0.08083196 0.1775612  0.18661332 0.24573965 0.24945718 0.31155896
 0.34842303 0.3134204  0.34987676 0.35168144]
 y2d[1]>>>
[0.3699323  0.37043935 0.36996108 0.37043208 0.3700041  0.3701363
 0.41246945 0.40918753 0.30462235 0.29913133 0.19371144 0.18763024
 0.08216021 0.10541247 0.10040178 0.12984243 0.08880568 0.11883774
 0.07775576 0.08156938 0.04468236 0.04439479 0.04464353 0.08640292
 0.08704858 0.129428   0.09712858 0.13959461 0.10864847 0.11028541
 0.08083196 0.1775612  0.18661332 0.24573965 0.24945718 0.31155896
 0.34842303 0.3134204  0.34987676 0.35168144]
+++++++++++++++++++++
[[0.2079966 ]
 [0.2079966 ]
  ...
 [0.2079966 ]
 [0.2079966 ]
 [0.2092078 ]
 [0.21077332]
 [0.21264441]
 [0.23543918]
 [0.25974923]
 [0.29228598]
 [0.30571032]
 [0.31834346]
 [0.37269205]
 [0.39421928]
 [0.4399522 ]
 [0.4522248 ]
 [0.45921126]
 [0.47617635]
 [0.5898305 ]
 [0.5926455 ]
 [0.5926455 ]
 [0.5926455 ]
 [0.5926455 ]
 [0.5926455 ]
 [0.5926455 ]
 [0.5926455 ]
 [0.5926455 ]
 [0.5926455 ]
 [0.5926454 ]
 [0.5914343 ]
 [0.5898687 ]
 [0.5879976 ]
 [0.5652029 ]
 [0.54089284]
 [0.50835603]
 [0.4949317 ]
 [0.48229867]
 [0.42795023]
 [0.40642294]
 [0.36069003]
 [0.34841743]
 [0.34143093]
 [0.3244658 ]
 [0.21081164]
 [0.2093263 ]
 [0.21102318]
 [0.21333942]
 [0.21724184]
 [0.27413934]
 [0.3557166 ]
 [0.43639404]
 [0.5168889 ]
 [0.59948885]
 [0.6816428 ]
 [0.76477104]
 [0.8488328 ]
 [0.9320628 ]
 [1.015791  ]
 [1.1503959 ]
 [1.3253067 ]
 [1.5495    ]
 [1.8135879 ]
 [2.0740814 ]
 [2.3389783 ]
 [2.603061  ]
 [2.8675246 ]
 [3.1305623 ]
 [3.3932679 ]
 [3.656112  ]
 [3.9222178 ]
 [4.182112  ]
 [4.444971  ]
 [4.7032576 ]
 [4.914988  ]
 [5.256301  ]
 [5.584371  ]
 [5.8702803 ]
 [6.1230307 ]
 [6.2483892 ]
 [6.2519455 ]
 [6.2507367 ]
 [6.2495236 ]
 [6.2506475 ]
 [6.197711  ]
 [6.110984  ]
 [5.9682727 ]
 [5.7922697 ]
 [5.613216  ]
 [6.8531327 ]
 [6.669984  ]
 [6.4868956 ]
 [6.3053274 ]
 [6.298967  ]
 [6.212245  ]
 [6.065237  ]
 [5.8437324 ]
 [5.5871534 ]
 [5.3318553 ]]
*****
[0.2079966]
0.19371144
